% variables
% All of these actions are not the most efficient for this problem.

element properties
% Beam format
% E G rho
steel(1:3)

BrickNoCorrections elements
%node1 node2 node3 node4 node5 node6 node7 node8 propertynumber points
1 2 7 6 26 27 32 31 1
2 3 8 7 27 28 33 32 1
3 4 9 8 28 29 34 33 1
4 5 10 9 29 30 35 34 1
6 7 12 11 31 32 37 36 1
7 8 13 12 32 33 38 37 1
8 9 14 13 33 34 39 38 1
9 10 15 14 34 35 40 39 1
11 12 17 16 36 37 42 41 1
12 13 18 17 37 38 43 42 1
13 14 19 18 38 39 44 43 1
14 15 20 19 39 40 45 44 1
16 17 22 21 41 42 47 46 1
17 18 23 22 42 43 48 47 1
18 19 24 23 43 44 49 48 1
19 20 25 24 44 45 50 49 1
26 27 32 31 51 52 57 56 1
27 28 33 32 52 53 58 57 1
28 29 34 33 53 54 59 58 1
29 30 35 34 54 55 60 59 1
31 32 37 36 56 57 62 61 1
32 33 38 37 57 58 63 62 1
33 34 39 38 58 59 64 63 1
34 35 40 39 59 60 65 64 1
36 37 42 41 61 62 67 66 1
37 38 43 42 62 63 68 67 1
38 39 44 43 63 64 69 68 1
39 40 45 44 64 65 70 69 1
41 42 47 46 66 67 72 71 1
42 43 48 47 67 68 73 72 1
43 44 49 48 68 69 74 73 1
44 45 50 49 69 70 75 74 1
51 52 57 56 76 77 82 81 1
52 53 58 57 77 78 83 82 1
53 54 59 58 78 79 84 83 1
54 55 60 59 79 80 85 84 1
56 57 62 61 81 82 87 86 1
57 58 63 62 82 83 88 87 1
58 59 64 63 83 84 89 88 1
59 60 65 64 84 85 90 89 1
61 62 67 66 86 87 92 91 1
62 63 68 67 87 88 93 92 1
63 64 69 68 88 89 94 93 1
64 65 70 69 89 90 95 94 1
66 67 72 71 91 92 97 96 1
67 68 73 72 92 93 98 97 1
68 69 74 73 93 94 99 98 1
69 70 75 74 94 95 100 99 1
76 77 82 81 101 102 107 106 1
77 78 83 82 102 103 108 107 1
78 79 84 83 103 104 109 108 1
79 80 85 84 104 105 110 109 1
81 82 87 86 106 107 112 111 1
82 83 88 87 107 108 113 112 1
83 84 89 88 108 109 114 113 1
84 85 90 89 109 110 115 114 1
86 87 92 91 111 112 117 116 1
87 88 93 92 112 113 118 117 1
88 89 94 93 113 114 119 118 1
89 90 95 94 114 115 120 119 1
91 92 97 96 116 117 122 121 1
92 93 98 97 117 118 123 122 1
93 94 99 98 118 119 124 123 1
94 95 100 99 119 120 125 124 1
101 102 107 106 126 127 132 131 1
102 103 108 107 127 128 133 132 1
103 104 109 108 128 129 134 133 1
104 105 110 109 129 130 135 134 1
106 107 112 111 131 132 137 136 1
107 108 113 112 132 133 138 137 1
108 109 114 113 133 134 139 138 1
109 110 115 114 134 135 140 139 1
111 112 117 116 136 137 142 141 1
112 113 118 117 137 138 143 142 1
113 114 119 118 138 139 144 143 1
114 115 120 119 139 140 145 144 1
116 117 122 121 141 142 147 146 1
117 118 123 122 142 143 148 147 1
118 119 124 123 143 144 149 148 1
119 120 125 124 144 145 150 149 1

nodes
% I can include comment lines
%node num, x y z, Node number isnt ever stored in nodes matrix
1 -37 -37 0
2 -1.850000e+01 -37 0
3 0 -37 0
4 1.850000e+01 -37 0
5 37 -37 0
6 -37 -1.850000e+01 0
7 -1.850000e+01 -1.850000e+01 0
8 0 -1.850000e+01 0
9 1.850000e+01 -1.850000e+01 0
10 37 -1.850000e+01 0
11 -37 0 0
12 -1.850000e+01 0 0
13 0 0 0
14 1.850000e+01 0 0
15 37 0 0
16 -37 1.850000e+01 0
17 -1.850000e+01 1.850000e+01 0
18 0 1.850000e+01 0
19 1.850000e+01 1.850000e+01 0
20 37 1.850000e+01 0
21 -37 37 0
22 -1.850000e+01 37 0
23 0 37 0
24 1.850000e+01 37 0
25 37 37 0
26 -3.060000e+01 -3.060000e+01 38
27 -1.530000e+01 -3.060000e+01 38
28 0 -3.060000e+01 38
29 1.530000e+01 -3.060000e+01 38
30 3.060000e+01 -3.060000e+01 38
31 -3.060000e+01 -1.530000e+01 38
32 -1.530000e+01 -1.530000e+01 38
33 0 -1.530000e+01 38
34 1.530000e+01 -1.530000e+01 38
35 3.060000e+01 -1.530000e+01 38
36 -3.060000e+01 0 38
37 -1.530000e+01 0 38
38 0 0 38
39 1.530000e+01 0 38
40 3.060000e+01 0 38
41 -3.060000e+01 1.530000e+01 38
42 -1.530000e+01 1.530000e+01 38
43 0 1.530000e+01 38
44 1.530000e+01 1.530000e+01 38
45 3.060000e+01 1.530000e+01 38
46 -3.060000e+01 3.060000e+01 38
47 -1.530000e+01 3.060000e+01 38
48 0 3.060000e+01 38
49 1.530000e+01 3.060000e+01 38
50 3.060000e+01 3.060000e+01 38
51 -2.420000e+01 -2.420000e+01 76
52 -1.210000e+01 -2.420000e+01 76
53 0 -2.420000e+01 76
54 1.210000e+01 -2.420000e+01 76
55 2.420000e+01 -2.420000e+01 76
56 -2.420000e+01 -1.210000e+01 76
57 -1.210000e+01 -1.210000e+01 76
58 0 -1.210000e+01 76
59 1.210000e+01 -1.210000e+01 76
60 2.420000e+01 -1.210000e+01 76
61 -2.420000e+01 0 76
62 -1.210000e+01 0 76
63 0 0 76
64 1.210000e+01 0 76
65 2.420000e+01 0 76
66 -2.420000e+01 1.210000e+01 76
67 -1.210000e+01 1.210000e+01 76
68 0 1.210000e+01 76
69 1.210000e+01 1.210000e+01 76
70 2.420000e+01 1.210000e+01 76
71 -2.420000e+01 2.420000e+01 76
72 -1.210000e+01 2.420000e+01 76
73 0 2.420000e+01 76
74 1.210000e+01 2.420000e+01 76
75 2.420000e+01 2.420000e+01 76
76 -1.780000e+01 -1.780000e+01 114
77 -8.900000e+00 -1.780000e+01 114
78 0 -1.780000e+01 114
79 8.900000e+00 -1.780000e+01 114
80 1.780000e+01 -1.780000e+01 114
81 -1.780000e+01 -8.900000e+00 114
82 -8.900000e+00 -8.900000e+00 114
83 0 -8.900000e+00 114
84 8.900000e+00 -8.900000e+00 114
85 1.780000e+01 -8.900000e+00 114
86 -1.780000e+01 0 114
87 -8.900000e+00 0 114
88 0 0 114
89 8.900000e+00 0 114
90 1.780000e+01 0 114
91 -1.780000e+01 8.900000e+00 114
92 -8.900000e+00 8.900000e+00 114
93 0 8.900000e+00 114
94 8.900000e+00 8.900000e+00 114
95 1.780000e+01 8.900000e+00 114
96 -1.780000e+01 1.780000e+01 114
97 -8.900000e+00 1.780000e+01 114
98 0 1.780000e+01 114
99 8.900000e+00 1.780000e+01 114
100 1.780000e+01 1.780000e+01 114
101 -1.140000e+01 -1.140000e+01 152
102 -5.700000e+00 -1.140000e+01 152
103 0 -1.140000e+01 152
104 5.700000e+00 -1.140000e+01 152
105 1.140000e+01 -1.140000e+01 152
106 -1.140000e+01 -5.700000e+00 152
107 -5.700000e+00 -5.700000e+00 152
108 0 -5.700000e+00 152
109 5.700000e+00 -5.700000e+00 152
110 1.140000e+01 -5.700000e+00 152
111 -1.140000e+01 0 152
112 -5.700000e+00 0 152
113 0 0 152
114 5.700000e+00 0 152
115 1.140000e+01 0 152
116 -1.140000e+01 5.700000e+00 152
117 -5.700000e+00 5.700000e+00 152
118 0 5.700000e+00 152
119 5.700000e+00 5.700000e+00 152
120 1.140000e+01 5.700000e+00 152
121 -1.140000e+01 1.140000e+01 152
122 -5.700000e+00 1.140000e+01 152
123 0 1.140000e+01 152
124 5.700000e+00 1.140000e+01 152
125 1.140000e+01 1.140000e+01 152
126 -5 -5 190
127 -2.500000e+00 -5 190
128 0 -5 190
129 2.500000e+00 -5 190
130 5 -5 190
131 -5 -2.500000e+00 190
132 -2.500000e+00 -2.500000e+00 190
133 0 -2.500000e+00 190
134 2.500000e+00 -2.500000e+00 190
135 5 -2.500000e+00 190
136 -5 0 190
137 -2.500000e+00 0 190
138 0 0 190
139 2.500000e+00 0 190
140 5 0 190
141 -5 2.500000e+00 190
142 -2.500000e+00 2.500000e+00 190
143 0 2.500000e+00 190
144 2.500000e+00 2.500000e+00 190
145 5 2.500000e+00 190
146 -5 5 190
147 -2.500000e+00 5 190
148 0 5 190
149 2.500000e+00 5 190
150 5 5 190

points
1 1 1 1

fix clamp
13

fix surfaceball
11 1 0 0
11 0 0 1
1 0 0 1
2 0 0 1
3 0 0 1
4 0 0 1
5 0 0 1
6 0 0 1
7 0 0 1
8 0 0 1
9 0 0 1
10 0 0 1
12 0 0 1
14 0 0 1
15 0 0 1
16 0 0 1
17 0 0 1
18 0 0 1
19 0 0 1
20 0 0 1
21 0 0 1
22 0 0 1
23 0 0 1
24 0 0 1
25 0 0 1

load
138 2 -10

actions
staticanalysis
plotdeformed
X(1:900)
end