%variables
%All of these actions are not the most efficient for this problem.

element properties
% Beam format
% E G rho
steel(1:3)

brick2 elements
%node1 node2 node3 node4 node5 node6 node7 node8 propertynumber
1 2 7 8 17 18 23 24 1
2 3 6 7 18 19 22 23 1
3 4 5 6 19 20 21 22 1
8 7 10 9 24 23 26 25 1
7 6 11 10 23 22 27 26 1
6 5 12 11 22 21 28 27 1
9 10 15 16 25 26 31 32 1
10 11 14 15 26 27 30 31 1
11 12 13 14 27 28 29 30 1
17 18 23 24 33 34 39 40 1
18 19 22 23 34 35 38 39 1
19 20 21 22 35 36 37 38 1
24 23 26 25 40 39 42 41 1
23 22 27 26 39 38 43 42 1
22 21 28 27 38 37 44 45 1
25 26 31 32 41 42 47 48 1
26 27 30 31 42 43 46 47 1
27 28 29 30 43 44 45 46 1


nodes
% I can include comment lines
% node num, x y z, Node number isn't ever stored in nodes matrix
1     -37e-9    -37e-9    0
2     -37e-9/3  -37e-9    0
3      37e-9/3  -37e-9    0
4      37e-9    -37e-9    0
5      37e-9    -37e-9/3  0
6      37e-9/3  -37e-9/3  0
7     -37e-9/3  -37e-9/3  0
8     -37e-9    -37e-9/3  0
9     -37e-9     37e-9/3  0
10    -37e-9/3   37e-9/3  0
11     37e-9/3   37e-9/3  0
12     37e-9     37e-9/3  0
13     37e-9     37e-9    0
14     37e-9/3   37e-9    0
15    -37e-9/3   37e-9    0
16    -37e-9     37e-9    0
17    -22e-9     -22e-9    95e-9
18    -22e-9/3   -22e-9    95e-9
19     22e-9/3   -22e-9    95e-9
20     22e-9     -22e-9    95e-9
21     22e-9     -22e-9/3  95e-9
22     22e-9/3   -22e-9/3  95e-9
23    -22e-9/3   -22e-9/3  95e-9
24    -22e-9     -22e-9/3  95e-9
25    -22e-9      22e-9/3  95e-9
26    -22e-9/3    22e-9/3  95e-9
27     22e-9/3    22e-9/3  95e-9
28     22e-9      22e-9/3  95e-9
29     22e-9      22e-9    95e-9
30     22e-9/3    22e-9    95e-9
31    -22e-9/3    22e-9    95e-9
32    -22e-9      22e-9    95e-9
33    -5e-9     -5e-9    190e-9
34    -5e-9/3   -5e-9    190e-9
35     5e-9/3   -5e-9    190e-9
36     5e-9     -5e-9    190e-9
37     5e-9     -5e-9/3  190e-9
38     5e-9/3   -5e-9/3  190e-9
39    -5e-9/3   -5e-9/3  190e-9
40    -5e-9     -5e-9/3  190e-9
41    -5e-9      5e-9/3  190e-9
42    -5e-9/3    5e-9/3  190e-9
43     5e-9/3    5e-9/3  190e-9
44     5e-9      5e-9/3  190e-9
45     5e-9      5e-9    190e-9
46     5e-9/3    5e-9    190e-9
47    -5e-9/3    5e-9    190e-9
48    -5e-9      5e-9    190e-9

points
1 1 1 1

fix clamp
1
2
3
4
5
6
7
8
9
10
11
12
13
14
15
16


load 
17 1 10e-9/16
18 1 10e-9/16
19 1 10e-9/16
20 1 10e-9/16
21 1 10e-9/16
22 1 10e-9/16
23 1 10e-9/16
24 1 10e-9/16
25 1 10e-9/16
26 1 10e-9/16
27 1 10e-9/16
28 1 10e-9/16
29 1 10e-9/16
30 1 10e-9/16
31 1 10e-9/16
32 1 10e-9/16

actions
staticanalysis
plotdeformed
%Xg=nonzeros(X);
%save('GlobalDeflections.mat','Xg');
%save('Nodes.mat','nodes');
X

end
