%variables
%All of these actions are not the most efficient for this problem.

element properties
% Beam format
% E G rho
steel(1:3)

brick2 elements
%node1 node2 node3 node4 node5 node6 node7 node8 propertynumber
1 2 7 8 17 18 23 24 1
2 3 6 7 18 19 22 23 1
3 4 5 6 19 20 21 22 1
8 7 10 9 24 23 26 25 1
7 6 11 10 23 22 27 26 1
6 5 12 11 22 21 28 27 1
9 10 15 16 25 26 31 32 1
10 11 14 15 26 27 30 31 1
11 12 13 14 27 28 29 30 1
17 18 23 24 33 34 39 40 1
18 19 22 23 34 35 38 39 1
19 20 21 22 35 36 37 38 1
24 23 26 25 40 39 42 41 1
23 22 27 26 39 38 43 42 1
22 21 28 27 38 37 44 45 1
25 26 31 32 41 42 47 48 1
26 27 30 31 42 43 46 47 1
27 28 29 30 43 44 45 46 1
33 34 39 40 49 50 55 56 1
34 35 38 39 50 51 54 55 1
35 36 37 38 51 52 53 54 1
40 39 42 41 56 55 58 57 1
39 38 43 42 55 54 59 58 1
38 37 44 43 54 53 60 59 1
41 42 47 48 57 58 63 64 1
42 43 46 47 58 59 62 63 1
43 44 45 46 59 60 61 62 1
49 50 55 56 65 66 71 72 1
50 51 54 55 66 67 70 71 1
51 52 53 54 67 68 69 70 1
56 55 58 57 72 71 74 73 1
55 54 59 58 71 70 75 74 1
54 53 60 59 70 69 76 75 1
57 58 63 64 73 74 79 80 1
58 59 62 63 74 75 78 79 1
59 60 61 62 75 76 77 78 1
65 66 71 72 81 82 87 88 1
66 67 70 71 82 83 86 87 1
67 68 69 70 83 84 85 86 1
72 71 74 73 88 87 90 89 1
71 70 75 74 87 86 91 90 1
70 69 76 75 86 85 92 91 1
73 74 79 80 89 90 95 96 1
74 75 78 79 90 91 94 95 1
75 76 77 78 91 92 93 94 1
81 82 87 88 97 98 103 104 1
82 83 86 87 98 99 102 103 1
83 84 85 86 99 100 101 102 1
88 87 90 89 104 103 106 105 1
87 86 91 90 103 102 107 106 1 
86 85 92 91 102 101 108 107 1
89 90 95 96 105 106 111 112 1
90 91 94 95 106 107 110 111 1
91 92 93 94 107 108 109 110 1
97 98 103 104 113 114 119 120 1
98 99 102 103 114 115 118 119 1
99 100 101 102 115 116 117 118 1
104 103 106 105 120 119 122 121 1
103 102 107 106 119 118 123 122 1
102 101 108 107 118 117 124 123 1
105 106 111 112 121 122 127 128 1
106 107 110 111 122 123 126 127 1
107 108 109 110 123 124 125 126 1
113 114 119 120 129 130 135 136 1
114 115 118 119 130 131 134 135 1
115 116 117 118 131 132 133 134 1
120 119 122 121 136 135 138 137 1
119 118 123 122 135 134 139 138 1
118 117 124 123 134 133 140 139 1
121 122 127 128 137 138 143 144 1
122 123 126 127 138 139 142 143 1
123 124 125 126 139 140 141 142 1
 
nodes
% I can include comment lines
% node num, x y z, Node number isn't ever stored in nodes matrix
1     -37e-9    -37e-9    0
2     -37e-9/3  -37e-9    0
3      37e-9/3  -37e-9    0
4      37e-9    -37e-9    0
5      37e-9    -37e-9/3  0
6      37e-9/3  -37e-9/3  0
7     -37e-9/3  -37e-9/3  0
8     -37e-9    -37e-9/3  0
9     -37e-9     37e-9/3  0
10    -37e-9/3   37e-9/3  0
11     37e-9/3   37e-9/3  0
12     37e-9     37e-9/3  0
13     37e-9     37e-9    0
14     37e-9/3   37e-9    0
15    -37e-9/3   37e-9    0
16    -37e-9     37e-9    0
17    -33e-9     -33e-9    23.75e-9
18    -33e-9/3   -33e-9    23.75e-9
19     33e-9/3   -33e-9    23.75e-9
20     33e-9     -33e-9    23.75e-9
21     33e-9     -33e-9/3  23.75e-9
22     33e-9/3   -33e-9/3  23.75e-9
23    -33e-9/3   -33e-9/3  23.75e-9
24    -33e-9    -33e-9/3  23.75e-9
25    -33e-9      33e-9/3  23.75e-9
26    -33e-9/3    33e-9/3  23.75e-9
27     33e-9/3    33e-9/3  23.75e-9
28     33e-9      33e-9/3  23.75e-9
29     33e-9      33e-9    23.75e-9
30     33e-9/3    33e-9    23.75e-9
31    -33e-9/3    33e-9    23.75e-9
32    -33e-9      33e-9    23.75e-9
33    -29e-9     -29e-9    47.5e-9
34    -29e-9/3   -29e-9    47.5e-9
35     29e-9/3   -29e-9    47.5e-9
36     29e-9     -29e-9    47.5e-9
37     29e-9     -29e-9/3  47.5e-9
38     29e-9/3   -29e-9/3  47.5e-9
39    -29e-9/3   -29e-9/3  47.5e-9
40    -29e-9     -29e-9/3  47.5e-9
41    -29e-9      29e-9/3  47.5e-9
42    -29e-9/3    29e-9/3  47.5e-9
43     29e-9/3    29e-9/3  47.5e-9
44     29e-9      29e-9/3  47.5e-9
45     29e-9      29e-9    47.5e-9
46     29e-9/3    29e-9    47.5e-9
47    -29e-9/3    29e-9    47.5e-9
48    -29e-9      29e-9    47.5e-9
49    -25e-9     -25e-9    71.25e-9
50    -25e-9/3   -25e-9    71.25e-9
51     25e-9/3   -25e-9    71.25e-9
52     25e-9     -25e-9    71.25e-9
53     25e-9     -25e-9/3  71.25e-9
54     25e-9/3   -25e-9/3  71.25e-9
55    -25e-9/3   -25e-9/3  71.25e-9
56    -25e-9     -25e-9/3  71.25e-9
57    -25e-9      25e-9/3  71.25e-9
58    -25e-9/3    25e-9/3  71.25e-9
59     25e-9/3    25e-9/3  71.25e-9
60     25e-9      25e-9/3  71.25e-9
61     25e-9      25e-9    71.25e-9
62     25e-9/3    25e-9    71.25e-9
63    -25e-9/3    25e-9    71.25e-9
64    -25e-9      25e-9    71.25e-9
65    -21e-9     -21e-9    95e-9
66    -21e-9/3   -21e-9    95e-9
67     21e-9/3   -21e-9    95e-9
68     21e-9     -21e-9    95e-9
69     21e-9     -21e-9/3  95e-9
70     21e-9/3   -21e-9/3  95e-9
71    -21e-9/3   -21e-9/3  95e-9
72    -21e-9     -21e-9/3  95e-9
73    -21e-9      21e-9/3  95e-9
74    -21e-9/3    21e-9/3  95e-9
75     21e-9/3    21e-9/3  95e-9
76     21e-9      21e-9/3  95e-9
77     21e-9      21e-9    95e-9
78     21e-9/3    21e-9    95e-9
79    -21e-9/3    21e-9    95e-9
80    -21e-9      21e-9    95e-9
81    -17e-9     -17e-9    118.75e-9
82    -17e-9/3   -17e-9    118.75e-9
83     17e-9/3   -17e-9    118.75e-9
84     17e-9     -17e-9    118.75e-9
85     17e-9     -17e-9/3  118.75e-9
86     17e-9/3   -17e-9/3  118.75e-9
87    -17e-9/3   -17e-9/3  118.75e-9
88    -17e-9     -17e-9/3  118.75e-9
89    -17e-9      17e-9/3  118.75e-9
90    -17e-9/3    17e-9/3  118.75e-9
91     17e-9/3    17e-9/3  118.75e-9
92     17e-9      17e-9/3  118.75e-9
93     17e-9      17e-9    118.75e-9
94     17e-9/3    17e-9    118.75e-9
95    -17e-9/3    17e-9    118.75e-9
96    -17e-9      17e-9    118.75e-9
97    -13e-9     -13e-9    142.5e-9
98    -13e-9/3   -13e-9    142.5e-9
99     13e-9/3   -13e-9    142.5e-9
100    13e-9     -13e-9    142.5e-9
101    13e-9     -13e-9/3  142.5e-9
102    13e-9/3   -13e-9/3  142.5e-9
103   -13e-9/3   -13e-9/3  142.5e-9
104   -13e-9     -13e-9/3  142.5e-9
105   -13e-9      13e-9/3  142.5e-9
106   -13e-9/3    13e-9/3  142.5e-9
107    13e-9/3    13e-9/3  142.5e-9
108    13e-9      13e-9/3  142.5e-9
109    13e-9      13e-9    142.5e-9
110    13e-9/3    13e-9    142.5e-9
111   -13e-9/3    13e-9    142.5e-9
112   -13e-9      13e-9    142.5e-9
113   -9e-9     -9e-9    166.25e-9
114   -9e-9/3   -9e-9    166.25e-9
115    9e-9/3   -9e-9    166.25e-9
116    9e-9     -9e-9    166.25e-9
117    9e-9     -9e-9/3  166.25e-9
118    9e-9/3   -9e-9/3  166.25e-9
119   -9e-9/3   -9e-9/3  166.25e-9
120   -9e-9     -9e-9/3  166.25e-9
121   -9e-9      9e-9/3  166.25e-9
122   -9e-9/3    9e-9/3  166.25e-9
123    9e-9/3    9e-9/3  166.25e-9
124    9e-9      9e-9/3  166.25e-9
125    9e-9      9e-9    166.25e-9
126    9e-9/3    9e-9    166.25e-9
127   -9e-9/3    9e-9    166.25e-9
128   -9e-9      9e-9    166.25e-9
129   -5e-9     -5e-9    190e-9
130   -5e-9/3   -5e-9    190e-9
131    5e-9/3   -5e-9    190e-9
132    5e-9     -5e-9    190e-9
133    5e-9     -5e-9/3  190e-9
134    5e-9/3   -5e-9/3  190e-9
135   -5e-9/3   -5e-9/3  190e-9
136   -5e-9     -5e-9/3  190e-9
137   -5e-9      5e-9/3  190e-9
138   -5e-9/3    5e-9/3  190e-9
139    5e-9/3    5e-9/3  190e-9
140    5e-9      5e-9/3  190e-9
141    5e-9      5e-9    190e-9
142    5e-9/3    5e-9    190e-9
143   -5e-9/3    5e-9    190e-9
144   -5e-9      5e-9    190e-9


points
1 1 1 1

fix clamp
1
2
3
4
5
6
7
8
9
10
11
12
13
14
15
16


load 
129 1 10e-9/16
130 1 10e-9/16
131 1 10e-9/16
132 1 10e-9/16
133 1 10e-9/16
134 1 10e-9/16
135 1 10e-9/16
136 1 10e-9/16
137 1 10e-9/16
138 1 10e-9/16
139 1 10e-9/16
140 1 10e-9/16
141 1 10e-9/16
142 1 10e-9/16
143 1 10e-9/16
144 1 10e-9/16

actions
staticanalysis
plotdeformed
%Xg=nonzeros(X);
%save('GlobalDeflections.mat','Xg');
%save('Nodes.mat','nodes');
X

end
