%variables
%All of these actions are not the most efficient for this problem.

element properties
% Beam format
% E G rho
aluminum(1:3)

brick2 elements
%node1 node2 node3 node4 node5 node6 node7 node8 propertynumber
1	2	3	4	159	160	161	162	1
2	5	6	3	160	163	164	161	1
5	7	8	6	163	165	166	164	1
7	9	10	8	165	167	168	166	1
9	11	12	10	167	169	170	168	1
11	13	14	12	169	171	172	170	1
13	15	16	14	171	173	174	172	1
15	17	18	16	173	175	176	174	1
17	19	20	18	175	177	178	176	1
19	21	22	20	177	179	180	178	1
21	23	24	22	179	181	182	180	1
23	25	26	24	181	183	184	182	1
25	27	28	26	183	185	186	184	1
27	29	30	28	185	187	188	186	1
29	31	32	30	187	189	190	188	1
31	33	34	32	189	191	192	190	1
33	35	36	34	191	193	194	192	1
35	37	38	36	193	195	196	194	1
37	39	40	38	195	197	198	196	1
39	41	42	40	197	199	200	198	1
41	43	44	42	199	201	202	200	1
43	45	46	44	201	203	204	202	1
45	47	48	46	203	205	206	204	1
47	49	50	48	205	207	208	206	1
49	51	52	50	207	209	210	208	1
51	53	54	52	209	211	212	210	1
53	55	56	54	211	213	214	212	1
55	57	58	56	213	215	216	214	1
57	59	60	58	215	217	218	216	1
59	61	62	60	217	219	220	218	1
61	63	64	62	219	221	222	220	1
63	65	66	64	221	223	224	222	1
65	67	68	66	223	225	226	224	1
67	69	70	68	225	227	228	226	1
69	71	72	70	227	229	230	228	1
71	73	74	72	229	231	232	230	1
73	75	76	74	231	233	234	232	1
75	77	78	76	233	235	236	234	1
77	79	80	78	235	237	238	236	1
79	81	82	80	237	239	240	238	1
81	83	84	82	239	241	242	240	1
83	85	86	84	241	243	244	242	1
85	87	88	86	243	245	246	244	1
87	89	90	88	245	247	248	246	1
89	91	92	90	247	249	250	248	1
91	93	94	92	249	251	252	250	1
93	95	96	94	251	253	254	252	1
95	97	98	96	253	255	256	254	1
97	99	100	98	255	257	258	256	1
99	101	102	100	257	259	260	258	1
101	103	104	102	259	261	262	260	1
103	105	106	104	261	263	264	262	1
105	107	108	106	263	265	266	264	1
107	109	110	108	265	267	268	266	1
109	111	112	110	267	269	270	268	1
111	113	114	112	269	271	272	270	1
113	115	116	114	271	273	274	272	1
115	117	118	116	273	275	276	274	1
117	119	120	118	275	277	278	276	1
119	121	122	120	277	279	280	278	1
121	123	124	122	279	281	282	280	1
123	125	126	124	281	283	284	282	1
125	127	128	126	283	285	286	284	1
127	129	130	128	285	287	288	286	1
129	131	132	130	287	289	290	288	1
131	133	134	132	289	291	292	290	1
133	135	136	134	291	293	294	292	1
135	137	138	136	293	295	296	294	1
137	139	140	138	295	297	298	296	1
139	141	142	140	297	299	300	298	1
141	143	144	142	299	301	302	300	1
143	145	146	144	301	303	304	302	1
145	147	148	146	303	305	306	304	1
147	149	150	148	305	307	308	306	1
149	151	152	150	307	309	310	308	1
151	153	154	152	309	311	312	310	1
153	155	156	154	311	313	314	312	1
155	157	158	156	313	315	316	314	1
157	1	4	158	315	159	162	316	1
 


nodes
% I can include comment lines
% node num, x y z, Node number isn't ever stored in nodes matrix
1	0.60706	1.82372	0
2	2.21742	3.7846	0
5	4.27736	5.2197	0
7	7.112	6.41858	0
9	9.906	7.25932	0
11	13.86078	8.03402	0
13	18.92808	8.97382	0
15	23.86584	9.41578	0
17	29.03728	9.97712	0
19	36.54044	10.55624	0
21	43.75404	11.09726	0
23	51.15814	11.39698	0
25	58.55716	11.6967	0
27	66.68262	11.91006	0
29	75.51674	11.97102	0
31	85.06206	11.8745	0
33	93.93682	11.63828	0
35	103.16972	11.35888	0
37	110.78718	10.97788	0
39	119.55526	10.46226	0
41	127.93218	9.70026	0
43	134.62762	8.91794	0
45	139.87526	8.2296	0
47	145.53184	7.2771	0
49	150.31466	6.35254	0
51	154.88158	5.45338	0
53	160.64738	4.19608	0
55	157.87116	4.8133	0
57	164.25418	3.19024	0
59	168.18102	2.44094	0
61	173.27372	1.69926	0
63	176.74082	1.36652	0
65	179.74564	1.16078	0
67	181.75224	0.8509	0
69	183.17718	0.53848	0
71	183.7436	0	0
73	183.34228	-0.57404	0
75	182.60822	-0.92456	0
77	181.48808	-1.15824	0
79	180.34508	-1.28016	0
81	177.45456	-1.34112	0
83	173.59376	-1.61798	0
85	168.68902	-1.77292	0
87	164.41928	-1.78308	0
89	159.8422	-1.6129	0
91	154.93746	-1.7653	0
93	150.46452	-1.97358	0
95	146.85264	-2.28092	0
97	143.30934	-2.667	0
99	139.4714	-3.02006	0
101	135.10514	-3.60172	0
103	130.28676	-4.27736	0
105	125.42012	-4.72694	0
107	120.33758	-5.15366	0
109	115.47856	-5.53212	0
111	111.07674	-5.74548	0
113	104.12476	-5.95376	0
115	98.55962	-6.10362	0
117	92.48902	-6.26872	0
119	87.23122	-6.30936	0
121	81.47812	-6.21792	0
123	75.95616	-6.00964	0
125	70.34784	-5.93598	0
127	64.45758	-5.75818	0
129	58.65876	-5.44322	0
131	53.08092	-5.08254	0
133	48.00854	-4.78028	0
135	43.15206	-4.50342	0
137	37.14496	-4.09194	0
139	31.22422	-3.5433	0
141	26.16708	-3.09626	0
143	20.73402	-2.75336	0
145	15.67942	-2.30886	0
147	11.60526	-2.1971	0
149	7.18058	-1.97104	0
151	4.24942	-1.77292	0
153	2.03454	-1.36652	0
155	0.59436	-0.54356	0
157	0.32258	0.90932	0
159	1.092708	3.282696	1758.696
160	3.991356	6.81228	1758.696
163	7.699248	9.39546	1758.696
165	12.8016	11.553444	1758.696
167	17.8308	13.066776	1758.696
169	24.949404	14.461236	1758.696
171	34.070544	16.152876	1758.696
173	42.958512	16.948404	1758.696
175	52.267104	17.958816	1758.696
177	65.772792	19.001232	1758.696
179	78.757272	19.975068	1758.696
181	92.084652	20.514564	1758.696
183	105.402888	21.05406	1758.696
185	120.028716	21.438108	1758.696
187	135.930132	21.547836	1758.696
189	153.111708	21.3741	1758.696
191	169.086276	20.948904	1758.696
193	185.705496	20.445984	1758.696
195	199.416924	19.760184	1758.696
197	215.199468	18.832068	1758.696
199	230.277924	17.460468	1758.696
201	242.329716	16.052292	1758.696
203	251.775468	14.81328	1758.696
205	261.957312	13.09878	1758.696
207	270.566388	11.434572	1758.696
209	278.786844	9.816084	1758.696
211	289.165284	7.552944	1758.696
213	284.168088	8.66394	1758.696
215	295.657524	5.742432	1758.696
217	302.725836	4.393692	1758.696
219	311.892696	3.058668	1758.696
221	318.133476	2.459736	1758.696
223	323.542152	2.089404	1758.696
225	327.154032	1.53162	1758.696
227	329.718924	0.969264	1758.696
229	330.73848	0	1758.696
231	330.016104	-1.033272	1758.696
233	328.694796	-1.664208	1758.696
235	326.678544	-2.084832	1758.696
237	324.621144	-2.304288	1758.696
239	319.418208	-2.414016	1758.696
241	312.468768	-2.912364	1758.696
243	303.640236	-3.191256	1758.696
245	295.954704	-3.209544	1758.696
247	287.71596	-2.90322	1758.696
249	278.887428	-3.17754	1758.696
251	270.836136	-3.552444	1758.696
253	264.334752	-4.105656	1758.696
255	257.956812	-4.8006	1758.696
257	251.04852	-5.436108	1758.696
259	243.189252	-6.483096	1758.696
261	234.516168	-7.699248	1758.696
263	225.756216	-8.508492	1758.696
265	216.607644	-9.276588	1758.696
267	207.861408	-9.957816	1758.696
269	199.938132	-10.341864	1758.696
271	187.424568	-10.716768	1758.696
273	177.407316	-10.986516	1758.696
275	166.480236	-11.283696	1758.696
277	157.016196	-11.356848	1758.696
279	146.660616	-11.192256	1758.696
281	136.721088	-10.817352	1758.696
283	126.626112	-10.684764	1758.696
285	116.023644	-10.364724	1758.696
287	105.585768	-9.797796	1758.696
289	95.545656	-9.148572	1758.696
291	86.415372	-8.604504	1758.696
293	77.673708	-8.106156	1758.696
295	66.860928	-7.365492	1758.696
297	56.203596	-6.37794	1758.696
299	47.100744	-5.573268	1758.696
301	37.321236	-4.956048	1758.696
303	28.222956	-4.155948	1758.696
305	20.889468	-3.95478	1758.696
307	12.925044	-3.547872	1758.696
309	7.648956	-3.191256	1758.696
311	3.662172	-2.459736	1758.696
313	1.069848	-0.978408	1758.696
315	0.580644	1.636776	1758.696
4	0.576707	1.732534	0
3	2.106549	3.59537	0
6	4.063492	4.958715	0
8	6.7564	6.097651	0
10	9.4107	6.896354	0
12	13.167741	7.632319	0
14	17.981676	8.525129	0
16	22.672548	8.944991	0
18	27.585416	9.478264	0
20	34.713418	10.028428	0
22	41.566338	10.542397	0
24	48.600233	10.827131	0
26	55.629302	11.111865	0
28	63.348489	11.314557	0
30	71.740903	11.372469	0
32	80.808957	11.280775	0
34	89.239979	11.056366	0
36	98.011234	10.790936	0
38	105.247821	10.428986	0
40	113.577497	9.939147	0
42	121.535571	9.215247	0
44	127.896239	8.472043	0
46	132.881497	7.81812	0
48	138.255248	6.913245	0
50	142.798927	6.034913	0
52	147.137501	5.180711	0
54	152.615011	3.986276	0
56	149.977602	4.572635	0
58	156.041471	3.030728	0
60	159.771969	2.318893	0
62	164.610034	1.614297	0
64	167.903779	1.298194	0
66	170.758358	1.102741	0
68	172.664628	0.808355	0
70	174.018321	0.511556	0
72	174.55642	0	0
74	174.175166	-0.545338	0
76	173.477809	-0.878332	0
78	172.413676	-1.100328	0
80	171.327826	-1.216152	0
82	168.581832	-1.274064	0
84	164.914072	-1.537081	0
86	160.254569	-1.684274	0
88	156.198316	-1.693926	0
90	151.85009	-1.532255	0
92	147.190587	-1.677035	0
94	142.941294	-1.874901	0
96	139.510008	-2.166874	0
98	136.143873	-2.53365	0
100	132.49783	-2.869057	0
102	128.349883	-3.421634	0
104	123.772422	-4.063492	0
106	119.149114	-4.490593	0
108	114.320701	-4.895977	0
110	109.704632	-5.255514	0
112	105.522903	-5.458206	0
114	98.918522	-5.656072	0
116	93.631639	-5.798439	0
118	87.864569	-5.955284	0
120	82.869659	-5.993892	0
122	77.404214	-5.907024	0
124	72.158352	-5.709158	0
126	66.830448	-5.639181	0
128	61.234701	-5.470271	0
130	55.725822	-5.171059	0
132	50.426874	-4.828413	0
134	45.608113	-4.541266	0
136	40.994457	-4.278249	0
138	35.287712	-3.887343	0
140	29.663009	-3.366135	0
142	24.858726	-2.941447	0
144	19.697319	-2.615692	0
146	14.895449	-2.193417	0
148	11.024997	-2.087245	0
150	6.821551	-1.872488	0
152	4.036949	-1.684274	0
154	1.932813	-1.298194	0
156	0.564642	-0.516382	0
158	0.306451	0.863854	0
162	1.0380726	3.1185612	1758.696
161	3.7917882	6.471666	1758.696
164	7.3142856	8.925687	1758.696
166	12.16152	10.9757718	1758.696
168	16.93926	12.4134372	1758.696
170	23.7019338	13.7381742	1758.696
172	32.3670168	15.3452322	1758.696
174	40.8105864	16.1009838	1758.696
176	49.6537488	17.0608752	1758.696
178	62.4841524	18.0511704	1758.696
180	74.8194084	18.9763146	1758.696
182	87.4804194	19.4888358	1758.696
184	100.1327436	20.001357	1758.696
186	114.0272802	20.3662026	1758.696
188	129.1336254	20.4704442	1758.696
190	145.4561226	20.305395	1758.696
192	160.6319622	19.9014588	1758.696
194	176.4202212	19.4236848	1758.696
196	189.4460778	18.7721748	1758.696
198	204.4394946	17.8904646	1758.696
200	218.7640278	16.5874446	1758.696
202	230.2132302	15.2496774	1758.696
204	239.1866946	14.072616	1758.696
206	248.8594464	12.443841	1758.696
208	257.0380686	10.8628434	1758.696
210	264.8475018	9.3252798	1758.696
212	274.7070198	7.1752968	1758.696
214	269.9596836	8.230743	1758.696
216	280.8746478	5.4553104	1758.696
218	287.5895442	4.1740074	1758.696
220	296.2980612	2.9057346	1758.696
222	302.2268022	2.3367492	1758.696
224	307.3650444	1.9849338	1758.696
226	310.7963304	1.455039	1758.696
228	313.2329778	0.9208008	1758.696
230	314.201556	0	1758.696
232	313.5152988	-0.9816084	1758.696
234	312.2600562	-1.5809976	1758.696
236	310.3446168	-1.9805904	1758.696
238	308.3900868	-2.1890736	1758.696
240	303.4472976	-2.2933152	1758.696
242	296.8453296	-2.7667458	1758.696
244	288.4582242	-3.0316932	1758.696
246	281.1569688	-3.0490668	1758.696
248	273.330162	-2.758059	1758.696
250	264.9430566	-3.018663	1758.696
252	257.2943292	-3.3748218	1758.696
254	251.1180144	-3.9003732	1758.696
256	245.0589714	-4.56057	1758.696
258	238.496094	-5.1643026	1758.696
260	231.0297894	-6.1589412	1758.696
262	222.7903596	-7.3142856	1758.696
264	214.4684052	-8.0830674	1758.696
266	205.7772618	-8.8127586	1758.696
268	197.4683376	-9.4599252	1758.696
270	189.9412254	-9.8247708	1758.696
272	178.0533396	-10.1809296	1758.696
274	168.5369502	-10.4371902	1758.696
276	158.1562242	-10.7195112	1758.696
278	149.1653862	-10.7890056	1758.696
280	139.3275852	-10.6326432	1758.696
282	129.8850336	-10.2764844	1758.696
284	120.2948064	-10.1505258	1758.696
286	110.2224618	-9.8464878	1758.696
288	100.3064796	-9.3079062	1758.696
290	90.7683732	-8.6911434	1758.696
292	82.0946034	-8.1742788	1758.696
294	73.7900226	-7.7008482	1758.696
296	63.5178816	-6.9972174	1758.696
298	53.3934162	-6.059043	1758.696
314	1.0163556	-0.9294876	1758.696
300	44.7457068	-5.2946046	1758.696
302	35.4551742	-4.7082456	1758.696
304	26.8118082	-3.9481506	1758.696
306	19.8449946	-3.757041	1758.696
308	12.2787918	-3.3704784	1758.696
310	7.2665082	-3.0316932	1758.696
312	3.4790634	-2.3367492	1758.696
316	0.5516118	1.5549372	1758.696


points
1 1 1 1

fix clamp
159
160
163
165
167
169
171
173
175
177
179
181
183
185
187
189
191
193
195
197
199
201
203
205
207
209
211
213
215
217
219
221
223
225
227
229
231
233
235
237
239
241
243
245
247
249
251
253
255
257
259
261
263
265
267
269
271
273
275
277
279
281
283
285
287
289
291
293
295
297
299
301
303
305
307
309
311
313
315
162
161
164
166
168
170
172
174
176
178
180
182
184
186
188
190
192
194
196
198
200
202
204
206
208
210
212
214
216
218
220
222
224
226
228
230
232
234
236
238
240
242
244
246
248
250
252
254
256
258
260
262
264
266
268
270
272
274
276
278
280
282
284
286
288
290
292
294
296
298
300
302
304
306
308
310
312
314
316


fix surfaceball
2	1	0	1
5	1	0	1
7	1	0	1
9	1	0	1
11	1	0	1
13	1	0	1
15	1	0	1
17	1	0	1
19	1	0	1
21	1	0	1
23	1	0	1
25	1	0	1
27	1	0	1
29	1	0	1
31	1	0	1
33	1	0	1
35	1	0	1
37	1	0	1
39	1	0	1
41	1	0	1
43	1	0	1
45	1	0	1
47	1	0	1
49	1	0	1
51	1	0	1
53	1	0	1
55	1	0	1
57	1	0	1
59	1	0	1
61	1	0	1
63	1	0	1
65	1	0	1
67	1	0	1
69	1	0	1
71	1	0	1
73	1	0	1
75	1	0	1
77	1	0	1
79	1	0	1
81	1	0	1
83	1	0	1
85	1	0	1
87	1	0	1
89	1	0	1
91	1	0	1
93	1	0	1
95	1	0	1
97	1	0	1
99	1	0	1
101	1	0	1
103	1	0	1
105	1	0	1
107	1	0	1
109	1	0	1
111	1	0	1
113	1	0	1
115	1	0	1
117	1	0	1
119	1	0	1
121	1	0	1
123	1	0	1
125	1	0	1
127	1	0	1
129	1	0	1
131	1	0	1
133	1	0	1
135	1	0	1
137	1	0	1
139	1	0	1
141	1	0	1
143	1	0	1
145	1	0	1
147	1	0	1
149	1	0	1
151	1	0	1
153	1	0	1
155	1	0	1
157	1	0	1
1	1	0	1


load 



actions
staticanalysis
plotdeformed
%Xg=nonzeros(X);
%save('GlobalDeflections.mat','Xg');
%save('Nodes.mat','nodes');
%X
modalanalysis
modalreview
%fs
%fms
%animatemode
end
