%variables
%All of these actions are not the most efficient for this problem.

element properties
% Beam format
% E G rho
steel(1:3)

brick2 elements
%node1 node2 node3 node4 node5 node6 node7 node8 propertynumber
1 2 7 8 17 18 23 24 1
2 3 6 7 18 19 22 23 1
3 4 5 6 19 20 21 22 1
8 7 10 9 24 23 26 25 1
7 6 11 10 23 22 27 26 1
6 5 12 11 22 21 28 27 1
9 10 15 16 25 26 31 32 1
10 11 14 15 26 27 30 31 1
11 12 13 14 27 28 29 30 1
17 18 23 24 33 34 39 40 1
18 19 22 23 34 35 38 39 1
19 20 21 22 35 36 37 38 1
24 23 26 25 40 39 42 41 1
23 22 27 26 39 38 43 42 1
22 21 28 27 38 37 44 45 1
25 26 31 32 41 42 47 48 1
26 27 30 31 42 43 46 47 1
27 28 29 30 43 44 45 46 1
33 34 39 40 49 50 55 56 1
34 35 38 39 50 51 54 55 1
35 36 37 38 51 52 53 54 1
40 39 42 41 56 55 58 57 1
39 38 43 42 55 54 59 58 1
38 37 44 43 54 53 60 59 1
41 42 47 48 57 58 63 64 1
42 43 46 47 58 59 62 63 1
43 44 45 46 59 60 61 62 1
49 50 55 56 65 66 71 72 1
50 51 54 55 66 67 70 71 1
51 52 53 54 67 68 69 70 1
56 55 58 57 72 71 74 73 1
55 54 59 58 71 70 75 74 1
54 53 60 59 70 69 76 75 1
57 58 63 64 73 74 79 80 1
58 59 62 63 74 75 78 79 1
59 60 61 62 75 76 77 78 1


nodes
% I can include comment lines
% node num, x y z, Node number isn't ever stored in nodes matrix
1     -37e-9    -37e-9    0
2     -37e-9/3  -37e-9    0
3      37e-9/3  -37e-9    0
4      37e-9    -37e-9    0
5      37e-9    -37e-9/3  0
6      37e-9/3  -37e-9/3  0
7     -37e-9/3  -37e-9/3  0
8     -37e-9    -37e-9/3  0
9     -37e-9     37e-9/3  0
10    -37e-9/3   37e-9/3  0
11     37e-9/3   37e-9/3  0
12     37e-9     37e-9/3  0
13     37e-9     37e-9    0
14     37e-9/3   37e-9    0
15    -37e-9/3   37e-9    0
16    -37e-9     37e-9    0
17    -29e-9     -29e-9    47.5e-9
18    -29e-9/3   -29e-9    47.5e-9
19     29e-9/3   -29e-9    47.5e-9
20     29e-9     -29e-9    47.5e-9
21     29e-9     -29e-9/3  47.5e-9
22     29e-9/3   -29e-9/3  47.5e-9
23    -29e-9/3   -29e-9/3  47.5e-9
24    -29e-9     -29e-9/3  47.5e-9
25    -29e-9      29e-9/3  47.5e-9
26    -29e-9/3    29e-9/3  47.5e-9
27     29e-9/3    29e-9/3  47.5e-9
28     29e-9      29e-9/3  47.5e-9
29     29e-9      29e-9    47.5e-9
30     29e-9/3    29e-9    47.5e-9
31    -29e-9/3    29e-9    47.5e-9
32    -29e-9      29e-9    47.5e-9
33    -21e-9     -21e-9    95e-9
34    -21e-9/3   -21e-9    95e-9
35     21e-9/3   -21e-9    95e-9
36     21e-9     -21e-9    95e-9
37     21e-9     -21e-9/3  95e-9
38     21e-9/3   -21e-9/3  95e-9
39    -21e-9/3   -21e-9/3  95e-9
40    -21e-9     -21e-9/3  95e-9
41    -21e-9      21e-9/3  95e-9
42    -21e-9/3    21e-9/3  95e-9
43     21e-9/3    21e-9/3  95e-9
44     21e-9      21e-9/3  95e-9
45     21e-9      21e-9    95e-9
46     21e-9/3    21e-9    95e-9
47    -21e-9/3    21e-9    95e-9
48    -21e-9      21e-9    95e-9
49    -13e-9     -13e-9    142.5e-9
50    -13e-9/3   -13e-9    142.5e-9
51     13e-9/3   -13e-9    142.5e-9
52     13e-9     -13e-9    142.5e-9
53     13e-9     -13e-9/3  142.5e-9
54     13e-9/3   -13e-9/3  142.5e-9
55    -13e-9/3   -13e-9/3  142.5e-9
56    -13e-9     -13e-9/3  142.5e-9
57    -13e-9      13e-9/3  142.5e-9
58    -13e-9/3    13e-9/3  142.5e-9
59     13e-9/3    13e-9/3  142.5e-9
60     13e-9      13e-9/3  142.5e-9
61     13e-9      13e-9    142.5e-9
62     13e-9/3    13e-9    142.5e-9
63    -13e-9/3    13e-9    142.5e-9
64    -13e-9      13e-9    142.5e-9
65    -5e-9     -5e-9    190e-9
66    -5e-9/3   -5e-9    190e-9
67     5e-9/3   -5e-9    190e-9
68     5e-9     -5e-9    190e-9
69     5e-9     -5e-9/3  190e-9
70     5e-9/3   -5e-9/3  190e-9
71    -5e-9/3   -5e-9/3  190e-9
72    -5e-9     -5e-9/3  190e-9
73    -5e-9      5e-9/3  190e-9
74    -5e-9/3    5e-9/3  190e-9
75     5e-9/3    5e-9/3  190e-9
76     5e-9      5e-9/3  190e-9
77     5e-9      5e-9    190e-9
78     5e-9/3    5e-9    190e-9
79    -5e-9/3    5e-9    190e-9
80    -5e-9      5e-9    190e-9

points
1 1 1 1

fix clamp
1
2
3
4
5
6
7
8
9
10
11
12
13
14
15
16


load 
65 1 10e-9/16
66 1 10e-9/16
67 1 10e-9/16
68 1 10e-9/16
69 1 10e-9/16
70 1 10e-9/16
71 1 10e-9/16
72 1 10e-9/16
73 1 10e-9/16
74 1 10e-9/16
75 1 10e-9/16
76 1 10e-9/16
77 1 10e-9/16
78 1 10e-9/16
79 1 10e-9/16
80 1 10e-9/16

actions
staticanalysis
plotdeformed
%Xg=nonzeros(X);
%save('GlobalDeflections.mat','Xg');
%save('Nodes.mat','nodes');
X

end
