variables

element properties
% E G rho
steel

brick8 elements
%node1 node2 node3 node4 node5 node6 node7 node8 and material#
1 2 3 4 18 19 20 21 1 1
2 10 11 3 19 27 28 20 1 1
4 3 11 12 21 20 28 29 1 1
6 1 4 5 23 18 21 22 1 1
5 4 12 13 22 21 29 30 1 1
14 6 5 13 31 23 22 30 1 1
7 8 1 6 24 25 18 23 1 1
15 7 6 14 32 24 23 31 1 1
15 16 8 7 32 33 25 24 1 1
8 9 2 1 25 26 19 18 1 1
16 17 9 8 33 34 26 25 1 1
9 17 10 2 26 34 27 19 1 1
18 19 20 21 35 36 37 38 1 1
19 27 28 20 36 44 45 37 1 1
21 20 28 29 38 37 45 46 1 1
23 18 21 22 40 35 38 39 1 1
22 21 29 30 39 38 46 47 1 1
31 23 22 30 48 40 39 47 1 1
24 25 18 23 41 42 35 40 1 1
32 24 23 31 49 41 40 48 1 1
32 33 25 24 49 50 42 41 1 1
25 26 19 18 42 43 36 35 1 1
33 34 26 25 50 51 43 42 1 1
26 34 27 19 43 51 44 36 1 1
35 36 37 38 52 53 54 55 1 1
36 44 45 37 53 61 62 54 1 1
38 37 45 46 55 54 62 63 1 1
40 35 38 39 57 52 55 56 1 1
39 38 46 47 56 55 63 64 1 1
48 40 39 47 65 57 56 64 1 1
41 42 35 40 58 59 52 57 1 1
49 41 40 48 66 58 57 65 1 1
49 50 42 41 66 67 59 58 1 1
42 43 36 35 59 60 53 52 1 1
50 51 43 42 67 68 60 59 1 1
43 51 44 36 60 68 61 53 1 1
52 53 54 55 69 70 71 72 1 1
53 61 62 54 70 78 79 71 1 1
55 54 62 63 72 71 79 80 1 1
57 52 55 56 74 69 72 73 1 1
56 55 63 64 73 72 80 81 1 1
65 57 56 64 82 74 73 81 1 1
58 59 52 57 75 76 69 74 1 1
66 58 57 65 83 75 74 82 1 1
66 67 59 58 83 84 76 75 1 1
59 60 53 52 76 77 70 69 1 1
67 68 60 59 84 85 77 76 1 1
60 68 61 53 77 85 78 70 1 1
69 70 71 72 86 87 88 89 1 1
70 78 79 71 87 95 96 88 1 1
72 71 79 80 89 88 96 97 1 1
74 69 72 73 91 86 89 90 1 1
73 72 80 81 90 89 97 98 1 1
82 74 73 81 99 91 90 98 1 1
75 76 69 74 92 93 86 91 1 1
83 75 74 82 100 92 91 99 1 1
83 84 76 75 100 101 93 92 1 1
76 77 70 69 93 94 87 86 1 1
84 85 77 76 101 102 94 93 1 1
77 85 78 70 94 102 95 87 1 1

nodes
% I can include comment lines
% node num, x y z, Node number isn't ever stored in nodes matrix
1 0 0 0
2 1.85E-08 0 0
3 1.85E-08 1.85E-08 0
4 0 1.85E-08 0
5 -1.85E-08 1.85E-08 0
6 -1.85E-08 0 0
7 -1.85E-08 -1.85E-08 0
8 0 -1.85E-08 0
9 1.85E-08 -1.85E-08 0
10 0.000000037 0 0
11 2.6163E-08 2.6163E-08 0
12 0 0.000000037 0
13 -2.6163E-08 2.6163E-08 0
14 -0.000000037 0 0
15 -2.6163E-08 -2.6163E-08 0
16 0 -0.000000037 0
17 2.6163E-08 -2.6163E-08 0
18 0 0 0.000000038
19 1.53E-08 0 0.000000038
20 1.53E-08 1.53E-08 0.000000038
21 0 1.53E-08 0.000000038
22 -1.53E-08 1.53E-08 0.000000038
23 -1.53E-08 0 0.000000038
24 -1.53E-08 -1.53E-08 0.000000038
25 0 -1.53E-08 0.000000038
26 1.53E-08 -1.53E-08 0.000000038
27 3.06E-08 0 0.000000038
28 2.16375E-08 2.16375E-08 0.000000038
29 0 3.06E-08 0.000000038
30 -2.16375E-08 2.16375E-08 0.000000038
31 -3.06E-08 0 0.000000038
32 -2.16375E-08 -2.16375E-08 0.000000038
33 0 -3.06E-08 0.000000038
34 2.16375E-08 -2.16375E-08 0.000000038
35 0 0 0.000000076
36 1.21E-08 0 0.000000076
37 1.21E-08 1.21E-08 0.000000076
38 0 1.21E-08 0.000000076
39 -1.21E-08 1.21E-08 0.000000076
40 -1.21E-08 0 0.000000076
41 -1.21E-08 -1.21E-08 0.000000076
42 0 -1.21E-08 0.000000076
43 1.21E-08 -1.21E-08 0.000000076
44 2.42E-08 0 0.000000076
45 1.7112E-08 1.7112E-08 0.000000076
46 0 2.42E-08 0.000000076
47 -1.7112E-08 1.7112E-08 0.000000076
48 -2.42E-08 0 0.000000076
49 -1.7112E-08 -1.7112E-08 0.000000076
50 0 -2.42E-08 0.000000076
51 1.7112E-08 -1.7112E-08 0.000000076
52 0 0 0.000000114
53 8.9E-09 0 0.000000114
54 8.9E-09 8.9E-09 0.000000114
55 0 8.9E-09 0.000000114
56 -8.9E-09 8.9E-09 0.000000114
57 -8.9E-09 0 0.000000114
58 -8.9E-09 -8.9E-09 0.000000114
59 0 -8.9E-09 0.000000114
60 8.9E-09 -8.9E-09 0.000000114
61 1.78E-08 0 0.000000114
62 1.25865E-08 1.25865E-08 0.000000114
63 0 1.78E-08 0.000000114
64 -1.25865E-08 1.25865E-08 0.000000114
65 -1.78E-08 0 0.000000114
66 -1.25865E-08 -1.25865E-08 0.000000114
67 0 -1.78E-08 0.000000114
68 1.25865E-08 -1.25865E-08 0.000000114
69 0 0 0.000000152
70 5.7E-09 0 0.000000152
71 5.7E-09 5.7E-09 0.000000152
72 0 5.7E-09 0.000000152
73 -5.7E-09 5.7E-09 0.000000152
74 -5.7E-09 0 0.000000152
75 -5.7E-09 -5.7E-09 0.000000152
76 0 -5.7E-09 0.000000152
77 5.7E-09 -5.7E-09 0.000000152
78 1.14E-08 0 0.000000152
79 8.06102E-09 8.06102E-09 0.000000152
80 0 1.14E-08 0.000000152
81 -8.06102E-09 8.06102E-09 0.000000152
82 -1.14E-08 0 0.000000152
83 -8.06102E-09 -8.06102E-09 0.000000152
84 0 -1.14E-08 0.000000152
85 8.06102E-09 -8.06102E-09 0.000000152
86 0 0 0.00000019
87 2.5E-09 0 0.00000019
88 2.5E-09 2.5E-09 0.00000019
89 0 2.5E-09 0.00000019
90 -2.5E-09 2.5E-09 0.00000019
91 -2.5E-09 0 0.00000019
92 -2.5E-09 -2.5E-09 0.00000019
93 0 -2.5E-09 0.00000019
94 2.5E-09 -2.5E-09 0.00000019
95 0.000000005 0 0.00000019
96 3.53553E-09 3.53553E-09 0.00000019
97 0 0.000000005 0.00000019
98 -3.53553E-09 3.53553E-09 0.00000019
99 -0.000000005 0 0.00000019
100 -3.53553E-09 -3.53553E-09 0.00000019
101 0 -0.000000005 0.00000019
102 3.53553E-09 -3.53553E-09 0.00000019

points
1 1 1 1

fix clamp
1
2
3
4
5
6
7
8
9
10
11
12
13
14
15
16
17

load 	
86 1 10/17e-9
87 1 10/17e-9
88 1 10/17e-9
89 1 10/17e-9
90 1 10/17e-9
91 1 10/17e-9
92 1 10/17e-9
93 1 10/17e-9
94 1 10/17e-9
95 1 10/17e-9
96 1 10/17e-9
97 1 10/17e-9
98 1 10/17e-9
99 1 10/17e-9
100 1 10/17e-9
101 1 10/17e-9
102 1 10/17e-9
%86 1 0
%87 1 0
%88 1 0
%89 1 0
%90 1 0
%91 1 0
%92 1 0
%93 1 0
%94 1 0
%95 1 0
%96 1 0
%97 1 0
%98 1 0
%99 1 0
%100 1 0
%101 1 0
%102 1 0

actions
staticanalysis
plotdeformed
%X
full(X)
%kb
end