%variables
%Alloftheseactionsarenotthemostefficientforthisproblem.

element properties
%Beamformat
%EGrho
steel(1:3)

Brick elements
%node1node2node3node4node5node6node7node8propertynumber
2   9   5   3  11  18  14  12 1
7   9   4   8  16  18  13  17 1
4   9   2   1  13  18  11  10 1
5   9   7   6  14  18  16  15 1
11  18  14  12  20  27  23  21 1
16  18  13  17  25  27  22  26 1
13  18  11  10  22  27  20  19 1
14  18  16  15  23  27  25  24 1
20  27  23  21  29  36  32  30 1
25  27  22  26  34  36  31  35 1
22  27  20  19  31  36  29  28 1
23  27  25  24  32  36  34  33 1
29  36  32  30  38  45  41  39 1
34  36  31  35  43  45  40  44 1
31  36  29  28  40  45  38  37 1
32  36  34  33  41  45  43  42 1
38  45  41  39  47  54  50  48 1
43  45  40  44  52  54  49  53 1
40  45  38  37  49  54  47  46 1
41  45  43  42  50  54  52  51 1
47  54  50  48  56  63  59  57 1
52  54  49  53  61  63  58  62 1
49  54  47  46  58  63  56  55 1
50  54  52  51  59  63  61  60 1
56  63  59  57  65  72  68  66 1
61  63  58  62  70  72  67  71 1
58  63  56  55  67  72  65  64 1
59  63  61  60  68  72  70  69 1
65  72  68  66  74  81  77  75 1
70  72  67  71  79  81  76  80 1
67  72  65  64  76  81  74  73 1
68  72  70  69  77  81  79  78 1
74  81  77  75  83  90  86  84 1
79  81  76  80  88  90  85  89 1
76  81  74  73  85  90  83  82 1
77  81  79  78  86  90  88  87 1
83  90  86  84  92  99  95  93 1
88  90  85  89  97  99  94  98 1
85  90  83  82  94  99  92  91 1
86  90  88  87  95  99  97  96 1


nodes
%Icanincludecommentlines
%nodenumxyzNodenumberisn'teverstoredinnodesmatrix
1   4.9090662   190.   0.94924736
2   4.14245319   190.   -2.80001473
3   0.94924736   190.   -4.9090662
4   2.80001473   190.   4.14245319
5   -2.80001473   190.   -4.14245319
6   -4.9090662   190.   -0.94924736
7   -4.14245319   190.   2.80001473
8   -0.94924736   190.   4.9090662
9   0.   190.   0.
10   5.93971395   171.   1.90664017
11   5.54821014   171.   -2.85181379
12   1.90664017   171.   -5.93971395
13   2.85181379   171.   5.54821014
14   -2.85181379   171.   -5.54821014
15   -5.93971395   171.   -1.90664017
16   -5.54821014   171.   2.85181379
17   -1.90664017   171.   5.93971395
18   0.   171.   0.
19   6.97036171   152.   2.86403298
20   6.95396709   152.   -2.90361285
21   2.86403298   152.   -6.97036171
22   2.90361285   152.   6.95396709
23   -2.90361285   152.   -6.95396709
24   -6.97036171   152.   -2.86403298
25   -6.95396709   152.   2.90361285
26   -2.86403298   152.   6.97036171
27   0.   152.   0.
28   8.00100994   133.   3.82142544
29   8.35972404   133.   -2.95541215
30   3.82142544   133.   -8.00100994
31   2.95541215   133.   8.35972404
32   -2.95541215   133.   -8.35972404
33   -8.00100994   133.   -3.82142544
34   -8.35972404   133.   2.95541215
35   -3.82142544   133.   8.00100994
36   0.   133.   0.
37   9.03165722   114.   4.77881861
38   9.765481   114.   -3.00721121
39   4.77881861   114.   -9.03165722
40   3.00721121   114.   9.765481
41   -3.00721121   114.   -9.765481
42   -9.03165722   114.   -4.77881861
43   -9.765481   114.   3.00721121
44   -4.77881861   114.   9.03165722
45   0.   114.   0.
46   10.0623055   95.   5.7362113
47   11.1712379   95.   -3.05901051
48   5.7362113   95.   -10.0623055
49   3.05901051   95.   11.1712379
50   -3.05901051   95.   -11.1712379
51   -10.0623055   95.   -5.7362113
52   -11.1712379   95.   3.05901051
53   -5.7362113   95.   10.0623055
54   0.   95.   0.
55   11.0929527   76.   6.69360399
56   12.5769949   76.   -3.11080956
57   6.69360399   76.   -11.0929527
58   3.11080956   76.   12.5769949
59   -3.11080956   76.   -12.5769949
60   -11.0929527   76.   -6.69360399
61   -12.5769949   76.   3.11080956
62   -6.69360399   76.   11.0929527
63   0.   76.   0.
64   12.123601   57.   7.65099669
65   13.9827518   57.   -3.16260886
66   7.65099669   57.   -12.123601
67   3.16260886   57.   13.9827518
68   -3.16260886   57.   -13.9827518
69   -12.123601   57.   -7.65099669
70   -13.9827518   57.   3.16260886
71   -7.65099669   57.   12.123601
72   0.   57.   0.
73   13.1542492   38.   8.6083889
74   15.3885088   38.   -3.21440792
75   8.6083889   38.   -13.1542492
76   3.21440792   38.   15.3885088
77   -3.21440792   38.   -15.3885088
78   -13.1542492   38.   -8.6083889
79   -15.3885088   38.   3.21440792
80   -8.6083889   38.   13.1542492
81   0.   38.   0.
82   14.1848965   19.   9.56578255
83   16.7942657   19.   -3.26620722
84   9.56578255   19.   -14.1848965
85   3.26620722   19.   16.7942657
86   -3.26620722   19.   -16.7942657
87   -14.1848965   19.   -9.56578255
88   -16.7942657   19.   3.26620722
89   -9.56578255   19.   14.1848965
90   0.   19.   0.
91   15.2155447   0.   10.5231752
92   18.2000237   0.   -3.31800628
93   10.5231752   0.   -15.2155447
94   3.31800628   0.   18.2000237
95   -3.31800628   0.   -18.2000237
96   -15.2155447   0.   -10.5231752
97   -18.2000237   0.   3.31800628
98   -10.5231752   0.   15.2155447
99   0.   0.   0.

points
1 1 1 1

fix clamp
99

fix surfaceball
91 1 0 0
91 0 1 0
92 0 1 0
93 0 1 0
94 0 1 0
95 0 1 0
96 0 1 0
97 0 1 0
98 0 1 0

load
9 3 -10

actions
staticanalysis
plotdeformed
X(1:594)
end